# Created by Octave 3.0.0, Tue Feb 12 12:07:57 2008 CET <michael@yosemite>
# name: rates
# type: matrix
# rows: 2291
# columns: 2
 -0.004412021411195455 -0.008956620556012318
 -0.01060020183752564 0.01455837796883053
 0.003089070587529358 -0.009711841826300471
 -0.01016111386141075 -0.00152322954052142
 -0.001732502165852912 -0.0244169153042435
 0.001213066607467839 0.02933664435596572
 0.01290562522014529 0.0123266758344851
 -0.0007696583952007119 -0.001852587535277728
 -0.008419293719025334 0.008265963350413408
 0.001637860803192198 -0.0037727616586265
 -0.003019195737502395 -0.002728754829079527
 0.0001727712512935853 0.00264084660520858
 0.0004317975800066098 0.007880951472854392
 -0.001382409067571366 -0.007441487611683506
 0.0009506114875647564 0.002019049977036502
 -0.008326876111916542 0.01384737998506314
 -0.00751883241402726 0.006379881972670809
 -0.002108408055061767 -0.003098642520636297
 -0.005998077433991639 -0.007875760125965137
 0.00220935974276984 -0.02614470468381214
 0.0009705740383386952 0.003027876567468724
 -0.002914552736603571 -0.003830910293424417
 -0.002036390096790006 0.009859297344378071
 0.001151512594577103 0.01090024857216054
 0.0003540449674085955 0.0003496503532129935
 0.002739606680134704 0.0002621575581924773
 -0.002474155189835361 0.002181977736749552
 -0.001859641890809699 -0.003318490513713357
 -0.008277382492200322 0.03236082723055045
 0.003657615924767696 0.00801320132762573
 -0.0006235247162329621 0.006615054475990867
 -0.01327492810291958 0.009799928940962488
 -0.003437051140452355 -0.005386381367660675
 -0.00399455819402024 0.009098491219100779
 -0.001912133521369916 0.00369838103904474
 0.008711488849322713 -0.02189505279226633
 -0.006617437917955035 -0.004706682079337554
 -0.009503863913175092 0.009140908127617031
 0.003666029218149028 0.005660549535521753
 -0.00394152396253343 0.009993888672276796
 -0.005895374480678006 0.01484650811699417
 0.001753819621557989 -0.007558860714958371
 0.005151331417129743 -0.006876817931568802
 -0.002388389891562315 -0.002714598796107026
 0.008060866217974055 -0.01293335885648883
 -0.002649250167764877 -0.002255545837420492
 0.0003658313558268234 -0.004862517964426161
 -0.0005487972332011842 -0.01090044170083093
 -0.001373312186540035 0.0003397893338838998
 0.009119990252399235 0.003476200032801913
 -0.002272211838776392 -0.005261383488154081
 -0.006115110554123851 -0.004092426207843225
 -0.0007326678594989922 0.009269167942169254
 0.000274813357658818 -0.001016260250066736
 0.000274737856025456 -0.005693179331990095
 -0.004588847993728135 0.005947341234489478
 -0.01184431353745791 0.01888035944911159
 -0.002516428002042964 -0.004331896144317504
 0.001491980881015237 0.002668002249621715
 0.007056668094520074 -0.01400266035253406
 -0.002408523628420686 0.01475175523129391
 0 0.003405460328387733
 -0.007073745058287492 0.01154176044017152
 0.01225414517273302 -0.01038157136497642
 -0.004994922973971305 0.004957049145871473
 0.004718080818371037 -0.004046415364659772
 -0.004532638073287007 0.00198396361678288
 0.00517848392311121 -0.007876341344259963
 -0.005734915357295325 -0.0008327088498480961
 -9.27686813597256e-05 -0.009626324701713429
 -0.005768531068631344 0.001260875214327939
 -0.002709648936570205 -0.009962091675014051
 -0.007513183350783229 0.001102395702060832
 0.002071758910349851 0.001609010805700528
 -0.001694756078363363 0.0132808541938445
 -0.00132013220492274 0.0006677796575358386
 0.003391111011576235 -0.00485153607394917
 -0.004146255468831607 -0.001090649883690453
 0.005555831419931642 0.00919124117554837
 -0.0031036940033402 -0.00919124117554837
 -0.002357713168374374 0.001090649883690453
 -0.002552589426646316 0.001424441985375502
 0.00066240835164013 0.005927303741679602
 0.002079002827833042 0.006636825423051995
 0.01229081475935392 -0.0002480876589112668
 0.005115576425778562 -0.001158556898872121
 0.000185528757489492 8.279859247117827e-05
 0.0005563798363110717 -0.0008282945888939963
 -0.006230549750636014 0.002317498140362417
 -0.005050043464245521 -0.0008270614978105328
 -0.003757284149658986 0.006679610865945484
 0.00225606412668259 0.007940772764200688
 0.002063597017833763 0.005123836999869624
 0 -0.0002433978349616339
 -0.002909024713673318 0.009770355085134241
 -0.001034272105738004 -0.002413516859425258
 -0.004998360007940607 -0.002015723319079399
 0.001511573268443055 -0.002666991518997186
 -0.0005665722531162792 -0.005599527716737107
 -0.01101730205591774 -0.006941353255613514
 -0.003060738879163534 -0.006247451475048571
 -0.001629835939138506 -0.003221146704215805
 0.002587323564950873 -0.001076025431801853
 -0.008843660445231924 0.003224609020119118
 -0.0001931247591942797 0.002967361227801391
 -0.002707670158280683 0.004024811380043403
 -0.003006354395441276 -0.005589821377817827
 0.01369752292739594 -0.0118580103343664
 0.001148985189598391 -0.00568848781721254
 0.002580399960008001 -0.002940560825046568
 0.003715528496806918 -0.005991831927113722
 -0.009554821401421353 0.01894917099563109
 0.000383950859007387 0.001908476702571882
 -0.01177733470127123 -0.004986298040038584
 0.003005771400546666 -0.004676417708121328
 0.003768666585422492 0.008418470222451013
 -0.004349724126465802 0.01482973297105072
 0 -0.004918849071596121
 -0.0006783274643546063 0.003036148887931134
 0.005413779657319439 -0.001804166472652469
 0.007300704857657346 -0.004524708472255057
 -0.007204296084384103 0.000164894055942888
 -0.003476584863343325 -0.004047752418531836
 -0.002615393557479296 0.001075491313594412
 -0.007203379731326034 0.0004133427083194974
 0.0007812500397363469 0.001156451475324616
 0.0004879715121470299 0.006664771450958895
 -0.002442242214246854 0.002048089848760704
 -0.00254627500221493 0.003105085024643017
 -0.001177394170551207 -0.001633053355496905
 -0.004624854491970063 -0.001226542530806896
 0.003642632627323623 -0.006896579059060493
 0.003825221671819066 -0.006612687346449597
 0.0004893565059729404 -0.0007466711260750714
 -0.001664790082390313 0.004058480743583281
 0 -0.01499028735993502
 0.02104524163205282 -0.002015791040385295
 0.0101213506063663 -0.00581813690640498
 -0.001616354048127794 -0.00832205889906934
 -0.001142530829798663 -0.006501862241123924
 0.01456428240736787 0.001286615093642141
 -0.002255852070470521 -0.003692734669875186
 0.001598420724884676 -0.0005163511302326285
 0.007021514593939744 -0.008471696586968669
 -0.00233503118284277 -0.004262914803089934
 -0.00309061355820163 -0.001657868710077004
 0.001780610563710733 0.005139160302588763
 0.008020186606716703 -0.007850018505926926
 0.002504755704443654 -0.001928302815056071
 -0.002133284674912042 0.005424809873785463
 -0.007081654641757418 0.006696550658558564
 0.005408947254253935 -0.008093686757288054
 -0.00859336504309513 0.005750647545927023
 -0.002253945356925066 0.00571776659539136
 -0.006413906160749314 -0.0008642295931560184
 -0.001041420212466289 -0.007202078941974221
 -0.003035767439112762 -0.005676623251984481
 -0.001902045271481377 -0.01660228879171566
 0.01305106476194354 -0.01038319389262288
 0.001033009435900033 0.00269566161977508
 -0.009525228805854248 0.002598917087696329
 -0.004463657157183276 -0.001791633552801208
 -0.004292466170145948 -0.003143103481122012
 -0.001913693053650516 0.005829351514774039
 0.001818095328803566 -0.001342222026035067
 -0.001435063628247787 -0.004936951816507218
 0.01293654491349558 -0.01660429201506197
 9.450455991533852e-05 0.0004573519402839565
 0.01006073080986863 -0.001006450517272661
 -0.007889587275162875 0.007750916476807923
 -0.002265648094621098 0.007511007665264913
 0.0008502196912903645 0.0006308864163111494
 -0.004448027018502415 -0.02730888003966836
 -0.01346403724393188 0.009216655104923532
 -0.0001922892035537277 -0.02611793981338906
 0.0007689350628770839 -0.008131663567303882
 -0.002212283882128491 -0.01482500490885652
 0.003172621994924248 0.01263900394331152
 -0.001825431644904091 0.01735565163768005
 0.0008650935321083339 -0.004874400352361974
 0.004983717426572783 -0.01486277182029472
