c = [
 7.94573378e-01
 7.96005070e-01
 7.94986404e-01
 7.95962392e-01
 7.97248097e-01
 7.98598582e-01
 7.97473849e-01
 7.97447181e-01
 7.97916115e-01
 7.97857806e-01
 7.97132159e-01
 7.98583751e-01
 7.98481127e-01
 7.98315317e-01
 7.99441781e-01
 7.96359540e-01
 7.97659523e-01
 7.97470724e-01
 7.99148627e-01
 7.97557062e-01
 7.97077279e-01
 7.95230778e-01
 7.96160539e-01
 7.96241409e-01
 7.95641725e-01
 7.97487627e-01
 7.99762966e-01
 7.97753753e-01
 7.99860631e-01
 7.95857361e-01
 7.95869527e-01
 7.99967015e-01
 7.96032626e-01
 7.98549199e-01
 8.01413442e-01
 8.03257434e-01
 8.04613550e-01
 8.04273984e-01
 8.06441031e-01
 8.06261350e-01
 8.04252092e-01
 8.01981194e-01
 8.02263148e-01
 8.05651854e-01
 8.08892243e-01
 8.12635469e-01
 8.13568119e-01
 8.14192543e-01
 8.12581505e-01
 8.18227245e-01
 8.18877695e-01
 8.20291022e-01
 8.20687196e-01
 8.21481783e-01
 8.27481450e-01
 8.28291835e-01
 8.26457447e-01
 8.26332892e-01
 8.22707736e-01
 8.24104018e-01
 8.24839975e-01
 8.24464396e-01
 8.27062458e-01
 8.28903284e-01
 8.27663011e-01
 8.24572635e-01
 8.23719729e-01
 8.19839989e-01
 8.23112658e-01
 8.23579063e-01
 8.23934505e-01
 8.19544281e-01
 8.24278132e-01
 8.23374750e-01
 8.26557743e-01
 8.26631019e-01
 8.27654313e-01
 8.26729087e-01
 8.28356658e-01
 8.29007687e-01
 8.29238312e-01
 8.27916108e-01
 8.22734914e-01
 8.23776916e-01
 8.22026466e-01
 8.20023709e-01
 8.18930706e-01
 8.16302259e-01
 8.15898174e-01
 8.15411305e-01
 8.15784222e-01
 8.17092611e-01
 8.15458795e-01
 8.17358564e-01
 8.16962916e-01
 8.16766794e-01
 8.18505124e-01
 8.18874005e-01
 8.19069552e-01
 8.19701287e-01
 8.19372478e-01
 8.22616955e-01
 8.20434068e-01
 8.21878952e-01
 8.22959720e-01
 8.21808817e-01
 8.20321207e-01
 8.19052719e-01
 8.25153979e-01
 8.25463228e-01
 8.21712053e-01
 8.20366460e-01
 8.23838994e-01
 8.26414971e-01
 8.29417009e-01
 8.29916612e-01
 8.30201092e-01
 8.28175286e-01
 8.25647615e-01
 8.29939227e-01
 8.25691521e-01
 8.25033902e-01
 8.23838422e-01
 8.19190198e-01
 8.18699965e-01
 8.23396291e-01
 8.26130458e-01
 8.24573618e-01
 8.29233668e-01
 8.28932698e-01
 8.27141495e-01
 8.23268012e-01
 8.23645009e-01
 8.21380423e-01
 8.21434089e-01
 8.23453691e-01
 8.21937603e-01
 8.22247685e-01
 8.24738633e-01
 8.25083858e-01
 8.23239496e-01
 8.24347486e-01
 8.24678763e-01
 8.22873374e-01
 8.27832352e-01
 8.31225739e-01
 8.33386472e-01
 8.34188004e-01
 8.38787164e-01
 8.37159354e-01
 8.37442985e-01
 8.34421187e-01
 8.33278071e-01
 8.32682677e-01
 8.31811684e-01
 8.30836588e-01
 8.29046854e-01
 8.25373368e-01
 8.21262217e-01
 8.16493010e-01
 8.14087306e-01
 8.14018180e-01
 8.09515354e-01
 8.08862988e-01
 8.07085297e-01
 8.04439950e-01
 8.06006857e-01
 8.00379146e-01
 8.00988405e-01
 8.02553305e-01
 8.01548336e-01
 7.98648940e-01
 7.96606487e-01
 7.94091967e-01
 7.89506281e-01
 7.88564189e-01
 7.89252451e-01
 7.87792834e-01
 7.88200127e-01
 7.85977972e-01
 7.83857147e-01
 7.84224156e-01
 7.80757039e-01
 7.78691456e-01
 7.76961400e-01
 7.72265831e-01
 7.69458988e-01
 7.64679551e-01
 7.62534120e-01
 7.65092418e-01
 7.66305453e-01
 7.64559231e-01
 7.61524023e-01
 7.61365458e-01
 7.63748925e-01
 7.63734080e-01
 7.61785598e-01
 7.59289002e-01
 7.62087488e-01
 7.62711939e-01
 7.63404226e-01
 7.62628336e-01
 7.60653214e-01
 7.60524521e-01
 7.62493880e-01
 7.61449567e-01
 7.63966325e-01
 7.64257833e-01
 7.66483208e-01
 7.63905141e-01
 7.64023622e-01
 7.65978982e-01
 7.67185920e-01
 7.67727444e-01
 7.66898529e-01
 7.66408772e-01
 7.67167696e-01
 7.69252064e-01
 7.68447697e-01
 7.68255518e-01
 7.71492165e-01
 7.73075879e-01
 7.70767184e-01
 7.68759838e-01
 7.67105070e-01
 7.67084811e-01
 7.69142011e-01
 7.70134973e-01
 7.68453788e-01
 7.68947382e-01
 7.67578231e-01
 7.67703335e-01
 7.66842556e-01
 7.70125229e-01
 7.72620496e-01
 7.76820824e-01
 7.78018765e-01
 7.81106815e-01
 7.79933518e-01
 7.79731782e-01
 7.84303779e-01
 7.86773178e-01
 7.91886361e-01
 7.92255317e-01
 7.96851446e-01
 7.99828522e-01
 8.03136899e-01
 7.97133410e-01
 7.98542246e-01
 8.03328130e-01
 8.04521753e-01
 8.01078954e-01
 7.98992711e-01
 7.98257488e-01
 7.96855843e-01
 7.95023622e-01
 7.95591109e-01
 7.97890113e-01
 7.94468921e-01
 7.92486014e-01
 7.94492594e-01
 7.91716136e-01
 7.91239539e-01
 7.89218335e-01
 7.86800105e-01
 7.84686179e-01
 7.83978255e-01
 7.84666619e-01
 7.84850383e-01
 7.88136652e-01
 7.88041657e-01
 7.88189947e-01
 7.89369942e-01
 7.86687300e-01
 7.86740201e-01
 7.83230423e-01
 7.80992800e-01
 7.80604014e-01
 7.80697333e-01
 7.79286533e-01
 7.76596316e-01
 7.75705917e-01
 7.81044195e-01
 7.77763128e-01
 7.79041331e-01
 7.81403161e-01
 7.80857789e-01
 7.80291979e-01
 7.80117069e-01
 7.80283526e-01
 7.82304730e-01
 7.83857803e-01
 7.85404270e-01
 7.88801535e-01
 7.92685422e-01
 7.94586129e-01
 7.95154569e-01
 7.96995289e-01
 7.96715090e-01
 7.97548455e-01
 7.95953446e-01
 7.95695802e-01
 7.95988472e-01
 7.95813424e-01
 7.92080826e-01
 7.93891023e-01
 7.93867398e-01
 7.94462470e-01
 7.91560727e-01
 7.95215345e-01
 7.94918855e-01
 7.94276896e-01
 7.93783990e-01
 7.90815370e-01
 7.87936538e-01
 7.88325959e-01
 7.88267840e-01
 7.87001778e-01
 7.84474202e-01
 7.82954599e-01
 7.77570396e-01
 7.78398287e-01
 7.78492694e-01
 7.76905524e-01
 7.74213104e-01
 7.74829083e-01
 7.72333368e-01
 7.71750266e-01
 7.68422775e-01
 7.66094004e-01
 7.68132636e-01
 7.66695170e-01
 7.67233867e-01
 7.67601686e-01
 7.68209324e-01
 7.66342570e-01
 7.67834046e-01
 7.69196982e-01
 7.72653363e-01
 7.72146933e-01
 7.74030951e-01
 7.71908691e-01
 7.74489618e-01
 7.74206253e-01
 7.73766861e-01
 7.74276634e-01
 7.73766611e-01
 7.73821456e-01
 7.75590364e-01
 7.75684854e-01
 7.80859584e-01
 7.84428104e-01
 7.81126986e-01
 7.84373120e-01
 7.89474008e-01
 7.88754363e-01
 7.87864114e-01
 7.88352130e-01
 7.84158338e-01
 7.84410749e-01
 7.86622497e-01
 7.88809816e-01
 7.91042009e-01
 7.91078846e-01
 7.90328906e-01
 7.89758786e-01
 7.83365144e-01
 7.81331264e-01
 7.82097672e-01
 7.81843323e-01
 7.79589188e-01
 7.84194326e-01
 7.82843793e-01
 7.86222007e-01
 7.86096511e-01
 7.87827847e-01
 7.90903930e-01
 7.90070886e-01
 7.88510816e-01
 7.88428982e-01
 7.89332245e-01
 7.88313364e-01
 7.89066384e-01
 7.86128562e-01
 7.88297840e-01
 7.90956353e-01
 7.93961417e-01
 7.97299475e-01
 7.96175623e-01
 7.93987228e-01
 7.92917705e-01
 7.92993929e-01
 7.92084779e-01
 7.90719332e-01
 7.89199890e-01
 7.86432203e-01
 7.85023407e-01
 7.88989586e-01
 7.91573749e-01
 7.90479574e-01] ';
