# Created by Octave 2.1.50, Tue Oct 07 10:14:13 2003 CEST <mcreel@yosemite>
# name: x
# type: matrix
# rows: 10
# columns: 3
 -1.07563681458085 -0.824538261405053 -0.0748502217344049
 -0.569497003366679 0.268911032377825 -0.533075377345693
 -1.70838638430127 0.18650380507438 0.226367366246178
 0.0364728495200936 -0.381853449760536 -0.859179846366116
 -1.57031968218995 -0.442360917964842 0.347980544756113
 0.366703154424273 -0.463666566150618 0.315698116156293
 -2.6058027300405 0.384987688727015 -2.00963778203291
 -1.27457889581238 1.97210739485939 -0.656248934161609
 0.14690315658692 -0.9374505832788 -0.836322646119797
 -0.932346907663976 -1.78777616792446 0.0383971017547833
